A = [1 2 3; 4 5 6; 7 8 9; 10 11 12]

A =

     1     2     3
     4     5     6
     7     8     9
    10    11    12

>> A = [1 2 3, 4 5 6, 7 8 9, 10 11 12].
 A = [1 2 3, 4 5 6, 7 8 9, 10 11 12].
                                    ↑
Invalid use of operator.
 
>> A = [1 2 3, 4 5 6, 7 8 9, 10 11 12]

A =

     1     2     3     4     5     6     7     8     9    10    11    12

>> B=reshape(A,3,[])

B =

     1     4     7    10
     2     5     8    11
     3     6     9    12

>> B=ones(3,6)

B =

     1     1     1     1     1     1
     1     1     1     1     1     1
     1     1     1     1     1     1

>> size(B)

ans =

     3     6

>> A`
 A`
  ↑
Error: Invalid text character. Check for unsupported symbol, invisible character, or pasting of non-ASCII
characters.
 
>> A'

ans =

     1
     2
     3
     4
     5
     6
     7
     8
     9
    10
    11
    12

>> A=[2 3 4;1 3 4;4 5 6]

A =

     2     3     4
     1     3     4
     4     5     6

>> A*A

ans =

    23    35    44
    21    32    40
    37    57    72

>> A.*A

ans =

     4     9    16
     1     9    16
    16    25    36

>> B=[A A]

B =

     2     3     4     2     3     4
     1     3     4     1     3     4
     4     5     6     4     5     6

>> sqrt(-1)

ans =

   0.0000 + 1.0000i

>> c=[ 3+4j, 3+4i, /j,10i]
 c=[ 3+4j, 3+4i, /j,10i]
                 ↑
Invalid use of operator.
 
>> c=[ 3+4j, 3+4i, ,j,10i]
 c=[ 3+4j, 3+4i, ,j,10i]
                 ↑
Invalid expression. When calling a function or indexing a variable, use parentheses. Otherwise, check for
mismatched delimiters.
 
>> c=[ 3+4j, 3+4i, -j,10i]

c =

   3.0000 + 4.0000i   3.0000 + 4.0000i   0.0000 - 1.0000i   0.0000 +10.0000i

>> d=rand(3,4)

d =

    0.8147    0.9134    0.2785    0.9649
    0.9058    0.6324    0.5469    0.1576
    0.1270    0.0975    0.9575    0.9706

>> d=rand(10,4)

d =

    0.9572    0.8491    0.2769    0.7655
    0.4854    0.9340    0.0462    0.7952
    0.8003    0.6787    0.0971    0.1869
    0.1419    0.7577    0.8235    0.4898
    0.4218    0.7431    0.6948    0.4456
    0.9157    0.3922    0.3171    0.6463
    0.7922    0.6555    0.9502    0.7094
    0.9595    0.1712    0.0344    0.7547
    0.6557    0.7060    0.4387    0.2760
    0.0357    0.0318    0.3816    0.6797

>> hist(d)
>> d=randi(10,4,4)

d =

     7    10     8     9
     2     4     3    10
     2     6     6     6
     5     3     7     2

>> randn(15,7)

ans =

   -0.7423    0.1978   -1.9330    1.3546   -0.2779   -1.7502    1.3514
   -1.0616    1.5877   -0.4390   -1.0722    0.7015   -0.2857   -0.2248
    2.3505   -0.8045   -1.7947    0.9610   -2.0518   -0.8314   -0.5890
   -0.6156    0.6966    0.8404    0.1240   -0.3538   -0.9792   -0.2938
    0.7481    0.8351   -0.8880    1.4367   -0.8236   -1.1564   -0.8479
   -0.1924   -0.2437    0.1001   -1.9609   -1.5771   -0.5336   -1.1201
    0.8886    0.2157   -0.5445   -0.1977    0.5080   -2.0026    2.5260
   -0.7648   -1.1658    0.3035   -1.2078    0.2820    0.9642    1.6555
   -1.4023   -1.1480   -0.6003    2.9080    0.0335    0.5201    0.3075
   -1.4224    0.1049    0.4900    0.8252   -1.3337   -0.0200   -1.2571
    0.4882    0.7223    0.7394    1.3790    1.1275   -0.0348   -0.8655
   -0.1774    2.5855    1.7119   -1.0582    0.3502   -0.7982   -0.1765
   -0.1961   -0.6669   -0.1941   -0.4686   -0.2991    1.0187    0.7914
    1.4193    0.1873   -2.1384   -0.2725    0.0229   -0.1332   -1.3320
    0.2916   -0.0825   -0.8396    1.0984   -0.2620   -0.7145   -2.3299

>> hist(d)
>> d=randn(15,7)

d =

   -1.4491    1.2607    0.9492   -0.2741   -0.9480    1.6039   -0.5900
    0.3335    0.6601    0.3071    1.5301   -0.7411    0.0983   -0.2781
    0.3914   -0.0679    0.1352   -0.2490   -0.5078    0.0414    0.4227
    0.4517   -0.1952    0.5152   -1.0642   -0.3206   -0.7342   -1.6702
   -0.1303   -0.2176    0.2614    1.6035    0.0125   -0.0308    0.4716
    0.1837   -0.3031   -0.9415    1.2347   -3.0292    0.2323   -1.2128
   -0.4762    0.0230   -0.1623   -0.2296   -0.4570    0.4264    0.0662
    0.8620    0.0513   -0.1461   -1.5062    1.2424   -0.3728    0.6524
   -1.3617    0.8261   -0.5320   -0.4446   -1.0667   -0.2365    0.3271
    0.4550    1.5270    1.6821   -0.1559    0.9337    2.0237    1.0826
   -0.8487    0.4669   -0.8757    0.2761    0.3503   -2.2584    1.0061
   -0.3349   -0.2097   -0.4838   -0.2612   -0.0290    2.2294   -0.6509
    0.5528    0.6252   -0.7120    0.4434    0.1825    0.3376    0.2571
    1.0391    0.1832   -1.1742    0.3919   -1.5651    1.0001   -0.9444
   -1.1176   -1.0298   -0.1922   -1.2507   -0.0845   -1.6642   -1.3218

>> hist(d)
>> d=randsrc(15,7)

d =

     1     1     1     1     1    -1    -1
     1     1     1    -1    -1    -1    -1
    -1     1     1     1     1     1    -1
     1    -1     1     1    -1    -1    -1
     1    -1    -1    -1    -1    -1    -1
     1     1    -1    -1     1     1     1
     1    -1     1    -1     1     1    -1
     1    -1    -1     1    -1     1    -1
     1     1    -1    -1     1    -1     1
    -1    -1    -1    -1    -1    -1    -1
    -1     1    -1    -1     1    -1    -1
     1     1     1    -1     1     1     1
    -1     1     1    -1     1    -1    -1
    -1    -1    -1    -1     1     1     1
    -1     1    -1     1     1     1     1

>> A = [1 2 3; 4 5 6; 7 8 9; 10 11 12]

A =

     1     2     3
     4     5     6
     7     8     9
    10    11    12

>> B=reshape(A,1,[])

B =

     1     4     7    10     2     5     8    11     3     6     9    12

>> B=reshape(A,[],1)

B =

     1
     4
     7
    10
     2
     5
     8
    11
     3
     6
     9
    12

>> B=reshape(A,1,[])

B =

     1     4     7    10     2     5     8    11     3     6     9    12

>> d=randsrc(4,3)

d =

     1     1     1
    -1     1    -1
     1     1    -1
    -1    -1    -1

>> B=reshape(A,1,[])

B =

     1     4     7    10     2     5     8    11     3     6     9    12

>> A

A =

     1     2     3
     4     5     6
     7     8     9
    10    11    12

>> B=reshape(A,1,[])

B =

     1     4     7    10     2     5     8    11     3     6     9    12

>> A=reshape(A,1,[])

A =

     1     4     7    10     2     5     8    11     3     6     9    12

>> A = [1 2 3; 4 5 6; 7 8 9; 10 11 12]

A =

     1     2     3
     4     5     6
     7     8     9
    10    11    12

>> a=reshape(A,1,[])

a =

     1     4     7    10     2     5     8    11     3     6     9    12

>> 
>> A = [1 2 3, 4 5 6, 7 8 9, 10 11 12]

A =

     1     2     3     4     5     6     7     8     9    10    11    12

>> a=reshape(A,1,[])

a =

     1     2     3     4     5     6     7     8     9    10    11    12